46225859
3092484
4397228
144852599
201296040
392419773
175346
35913075
291457383
68336750
84118018
3755345
472886238
5467941
66114230
5470998
29424000
85526049
18082155
15621583
20210908
62148374
5207519
9690721
109587708
68517805
9011337
421652591
6981007
56071454
5467524
91854234
21396684
38211624
2612481
5467638
58974198
129846473
70835723
3996718
8617219
38307768
206742538
2429886
142545753
40839919
3692332
58132493
44352523
7939343
56867207
5467477
2783841
306689014
14480111
205574982
10827542
92764728
12104503
20187244
121305989
82731901
111308974
17623032
61597313
8452037
5319972
10545249
108426135
5319122
133613621
2731016
3388722
9065259
17988905
4558218
12398960
8583821
6225596
37758222
37641940
27444015
12391894
59165375
5471684
16224775
67366626
29561107
6534630
308159935
6375348
60352716
98373928
107989302
5895967
97420743
3180700
34769194
8817365
49378858
354267824
391638167
55904057
11251638
68481613
44256827
7009326
53794160
378668350
2386817
17167782
114057454
119190953
487455629
7714247
14005512
9817148
690786
134225260
46914168
5482084
52892369
11307094
34731913
68472604
3998397
32600216
46526900
7041615
7418335
6771222
8587481
34964777
43191637
60354522
5468074
7713242
42381968
139549754
679881
88888856
8331099
2790976
221772
3581571
9857804
6455695
62196623
14397454
5165451
34849214
126234694
9970588
290971082
44004959
136531275
5468548
68419338
119894911
125668214
9217147
4560112
11442807
37582376
3674598
34359460
171849200
145921993
359180
6366768
35576173
4821428
417087379
15321437
3838257
13775571
7589459
4135503
56492775
41395382
5467513
73584855
14885053
34116758
179683352
2031487
13064248
15017890
40443127
175639247
99253984
5789282
58563794
124081740
8272454
30809747
3242901
3889923
105387300
54777238
105726446
2492929
180797060
3226327
234979241
659588
9455263
280163689
7339678
6361153
80386553
17337025
24929594
42596839
5470428
99214904
184049026
3795588
65961850
56109252
2669135
5469224
126280416
147464207
454216367
54254408
6957845
5467942
6369021
90050568
11378546
58459027
61287832
55503850
195040524
68418877
256591954
4388914
80858041
45952027
6236320
42112201
3778292
11771243
35600518
940267
6617287
5541710
16932327
38176220
54609341
74141561
2714874
15213970
340145887
115330194
13675498
4392328
55200808
63797698
482719087
92374945
24869456
219307672
52962257
84259902
8578260
64858077
44754832
21870880
16072918
38111927
3817295
113927773
70198547
5467509
95279337
64994393
15526484
51609954
5468478
8510541
306382656
4715638
5373519
12449856
16027881
104246025
58049726
12223001
81468055
38071992
4963661
3874333
12956114
3348394
8521836
13589854
51803199
42802698
98338502
144329496
188915842
41021895
489531557
53464422
324900185
2373079
3802234
149823484
3545567
118876413
118086597
6044988
105659012
51463956
11569250
164548467
134483542
4559276
8052028
290342178
4329938
671116
62986308
9003852
39884795
327562940
114465736
46091189
577662
7413618
511470218
56411615
56376384
8578496
4884262
138244797
6687685
8562897
103829087
2483884
13591227
37091277
43514147
465185220
44226641
34663945
108851731
295772
8122495
46164697
134439925
142759863
67363356
6836271
21942868
3217593
364536327
510565819
3194867
57754189
37674002
634752
85302869
14643576
20568912
5703985
9272564
8591269
160146129
112302819
54156438
198356244
9689263
5286385
111688511
8050908
6357827
9650102
67732665
213625996
12383801
4847278
156201340
54836433
91323891
53358244
37367434
19065840
143219236
23941097
492519041
2483549
272379503
34300751
3342322
24672299
9003346
16454283
54612144
4988901
7468511
35870992
2710594
10404517
56739407
52262386
2049092
25777556
22233124
34367358
48634582
4323865
10381891
14102976
167969931
26968205
53085833
16311121
82080301
243247580
516436120
40595339
16357461
400688844
11530791
47794645
228261041
64346331
204817492
107563697
1901671
6201034
22237127
2085492
6327283
37805514
60341153
8839551
3535266
2519215
4533677
61909932
53940020
5868862
12517388
2733891
35316372
4297203
72407956
9743879
98359841
2175695
54559239
112516021
7564277
11756448
1915870
67165465
124904031
122843830
3101667
2750401
43709590
158599322
37894870
140802050
4672638
21466957
15513515
393748303
4973514
38261895
5314483
38169959
42601347
66802494
19239639
2500335
11189503
153360429
14093733
5805794
46763950
8077457
522081954
7240147
5467692
95995928
2925855
84823189
40471620
35111987
297893648
135222819
50095790
6269762
1006961
7684045
3084865
11820683
6368236
371386794
304026937
5744391
55855236
530586329
8478268
6882251
281894806
6266413
6765363
175558990
6249247
2319178
2211419
158138326
11314419
276630573
495416068
37657478
